lookup23.py の出力（2026-10-09 実行。n・w は「6枠の並びまで同じ」の会場の件数・1号艇の1着数、na・wa は今のやり方（構成4-2-0-0・1号艇A1）の会場の件数・1着数）
例の並び A1A2A1A1A2A1 全国 300 件 1号艇1着率 71.3 ／今のやり方 全国 3458 70.6
      n     w   na     wa  rate  rate_a
宮島   28  20.0  182  138.0  71.4    75.8
大村   23  19.0  186  144.0  82.6    77.4
徳山   22  14.0  267  194.0  63.6    72.7
蒲郡   18  14.0  138  109.0  77.8    79.0
桐生   18  13.0  253  177.0  72.2    70.0
びわこ  16   9.0  184  115.0  56.2    62.5
丸亀   15  10.0  174  122.0  66.7    70.1
常滑   14  12.0  140  109.0  85.7    77.9
多摩川  13  10.0  166  119.0  76.9    71.7
浜名湖  13   9.0   87   59.0  69.2    67.8
児島   12  11.0  174  131.0  91.7    75.3
下関   11  10.0  171  129.0  90.9    75.4
江戸川  10   4.0  128   75.0  40.0    58.6
三国    9   5.0  104   64.0  55.6    61.5
戸田    9   5.0   92   55.0  55.6    59.8
鳴門    9   6.0  134   86.0  66.7    64.2
平和島   9   6.0   83   40.0  66.7    48.2
芦屋    9   6.0  111   75.0  66.7    67.6
唐津    9   7.0  134   93.0  77.8    69.4
津     8   7.0   87   74.0  87.5    85.1
福岡    8   6.0  143   95.0  75.0    66.4
尼崎    7   5.0  137  108.0  71.4    78.8
住之江   6   4.0   98   70.0  66.7    71.4
若松    4   2.0   85   61.0  50.0    71.8
会場×6枠の並び（半分が20〜30件） 集まり 929 古い半分と新しい半分の差 平均 11.0 pt 中央値 9.1 10pt以上の割合 0.468 相関 0.7
今のやり方の会場（半分が300件以上） 集まり 124 古い半分と新しい半分の差 平均 3.0 pt 中央値 2.5 10pt以上の割合 0.008 相関 0.96
