predict30-all.py の出力（2026-10-09 実行。列「後半の1着率 平均」は、2着以内・3着以内の表ではそれぞれ2着以内率・3着以内率の平均。ラベルを着順ごとに付け替えていない）
win 集まり（会場×6枠の並び、40〜60件、古い半分で新しい半分を当てる） 5574
 艇  集まり  後半の1着率 平均  会場×並び同じ 前半30件  今のやり方 全国  ＋1号艇の級 全国  並び同じ 全国   件数 今  件数 ＋1号艇  件数 並び全国
 1  929       52.1           11.0       8.3        8.3      8.6 4544.0   4544.0    390.0
 2  929       15.0            7.9       6.6        6.0      6.2 4834.0   2316.0    390.0
 3  929       13.3            7.1       5.7        5.4      5.5 4711.0   2121.0    390.0
 4  929       10.4            6.4       5.0        4.9      4.9 4765.0   2086.0    390.0
 5  929        6.1            4.9       3.8        3.8      3.8 4569.0   2170.0    390.0
 6  929        3.1            3.1       2.7        2.7      2.6 4833.0   2109.0    390.0
全艇 {'own30': 6.7, 'a': 5.3, 'h': 5.2, 'bn': 5.3}
top2 集まり（会場×6枠の並び、40〜60件、古い半分で新しい半分を当てる） 5574
 艇  集まり  後半の1着率 平均  会場×並び同じ 前半30件  今のやり方 全国  ＋1号艇の級 全国  並び同じ 全国   件数 今  件数 ＋1号艇  件数 並び全国
 1  929       69.8           10.0       7.7        7.7      7.9 4544.0   4544.0    390.0
 2  929       39.6           11.1       8.1        8.0      8.2 4834.0   2316.0    390.0
 3  929       34.0           10.8       7.7        7.7      8.0 4711.0   2121.0    390.0
 4  929       26.5            9.7       6.8        6.8      7.0 4765.0   2086.0    390.0
 5  929       18.6            8.5       6.4        6.4      6.4 4569.0   2170.0    390.0
 6  929       11.6            6.4       5.1        5.1      5.1 4833.0   2109.0    390.0
全艇 {'own30': 9.4, 'a': 7.0, 'h': 6.9, 'bn': 7.1}
top3 集まり（会場×6枠の並び、40〜60件、古い半分で新しい半分を当てる） 5574
 艇  集まり  後半の1着率 平均  会場×並び同じ 前半30件  今のやり方 全国  ＋1号艇の級 全国  並び同じ 全国   件数 今  件数 ＋1号艇  件数 並び全国
 1  929       79.3            9.1       6.9        6.9      7.1 4544.0   4544.0    390.0
 2  929       57.9           11.4       8.1        8.1      8.3 4834.0   2316.0    390.0
 3  929       54.0           11.7       8.5        8.4      8.7 4711.0   2121.0    390.0
 4  929       45.5           11.1       7.6        7.7      8.0 4765.0   2086.0    390.0
 5  929       35.9           10.5       7.9        7.9      8.0 4569.0   2170.0    390.0
 6  929       27.5            9.6       7.2        7.3      7.5 4833.0   2109.0    390.0
全艇 {'own30': 10.6, 'a': 7.7, 'h': 7.7, 'bn': 8.0}
