レース単位（選んだ艇=1号艇）。brier は6値の合計。スリットの形の列は Brier×1e4（枠なり・ST がそろう検証期間のレース）
   scope          def   median_n   lt300    lt30  brier_raw  brier_shr  ll_shr   kado_raw   kado_shr   dash_raw   dash_shr    d2_raw    d2_shr    d3_raw    d3_shr
      NC a_combo_sel1 4959.00000 0.02558 0.00186    0.62585    0.62585 1.32795 1294.30369 1294.30369 1255.94496 1255.94496 787.78019 787.78019 535.88178 535.88178
      NC        c_in3 1236.00000 0.16299 0.01644    0.61816    0.61726 1.29830 1293.34506 1290.09028 1257.39969 1253.50453 786.06177 783.19337 534.87167 533.39102
      NC      f_1and4 2505.00000 0.07500 0.00497    0.62253    0.62229 1.31289 1291.42896 1290.66377 1258.08541 1256.49087 789.12338 788.03241 536.47958 535.88285
      NC        g_in4  642.00000 0.27435 0.03781    0.61714    0.61534 1.28867 1298.68964 1289.93881 1265.47744 1254.46904 789.73692 784.01819 537.50262 533.72548
      NC    b_ordered  383.00000 0.41260 0.06257    0.61787    0.61483 1.28128 1305.00239 1290.40129 1271.40523 1254.31587 793.01940 784.64224 541.63798 534.08707
VC300>NC a_combo_sel1 1039.00000 0.02558 0.00186    0.62530    0.62530 1.32741 1292.17554 1292.17554 1253.81153 1253.81153 788.12264 788.12264 536.28776 536.28776
VC300>NC        c_in3  998.00000 0.16299 0.01644    0.61799    0.61700 1.29797 1293.11223 1289.55976 1256.97342 1252.78511 786.16680 783.29623 534.97810 533.49629
VC300>NC      f_1and4 1528.00000 0.07500 0.00497    0.62233    0.62202 1.31263 1290.80886 1289.86404 1257.28762 1255.54027 789.32478 788.19375 536.54654 535.93582
VC300>NC        g_in4  582.00000 0.27435 0.03781    0.61705    0.61509 1.28838 1298.39888 1289.11923 1265.01107 1253.49056 789.86412 784.12259 537.57540 533.80283
VC300>NC    b_ordered  372.00000 0.41260 0.06257    0.61781    0.61456 1.28104 1304.69557 1289.32743 1271.02962 1253.20282 793.15955 784.76144 541.71379 534.16285
waku test races 66546 base rates {'kado': 0.153, 'dash': 0.1477, 'd2': 0.0863, 'd3': 0.0568}
